0,40,0.5466082511701877
40,0,0.5466082511701877
297,0,0.6862027562708778
761,0,0.2998053079380988
0,1744,0.4167194149005736
1744,0,0.4167194149005736
2922,0,0.27815488093400803
0,3965,0.21827996872110952
0,4214,0.21978546329198612
0,5060,0.7053376102756722
5060,0,0.7053376102756722
0,5876,0.2884857603028885
5876,0,0.2884857603028885
7,1,0.6993005731368717
1,145,0.29808457660399584
1468,1,0.3891754949353784
2091,1,0.44903208867945854
1,2590,0.29728447424898313
1,3557,0.37230570281443237
1,4159,1.0064602910295186
1,4671,9.282286749170018
4671,1,9.282286749170018
1,5380,0.5587225006455356
5380,1,0.5587225006455356
18,2,1.0758045873997113
2,236,0.6194401052334805
274,2,0.37149237989747985
2,433,4.252690059470987
433,2,4.252690059470987
2,445,0.5427153766346191
2,691,0.7437470804707123
691,2,0.7437470804707123
2,930,0.5263181912780279
2,958,0.5077990829402398
3,1582,0.5661799761422645
1582,3,0.5661799761422645
3,1745,0.6757225763194554
3535,3,0.2744549558765507
3,3712,0.3472465474524463
3712,3,0.3472465474524463
3,4432,0.5185269407244277
3,4470,0.31308488165281495
3,4916,0.49928454044576587
4916,3,0.49928454044576587
4,178,0.9284657899602532
178,4,0.9284657899602532
4,2599,0.36334883934056644
4,3011,0.39734577073939464
3081,4,0.3430749153786849
3184,4,0.42985788715717516
4,3664,0.5439703990663324
3664,4,0.5439703990663324
3916,4,0.550493788053161
5365,4,0.2416469678857908
5939,4,0.2528600584405302
4,6882,0.7406200644665546
6882,4,0.7406200644665546
4,6914,0.47626845243560856
6914,4,0.47626845243560856
5,171,0.1985318695174056
639,5,1.909070655994527
5,741,0.23545923068978417
741,5,0.23545923068978417
5,1023,0.9213374140360744
1023,5,0.9213374140360744
5,1215,0.2406766103352389
1248,5,0.35647839149089267
2545,5,0.3568122664937719
5,3380,0.8422777078815168
3380,5,0.8422777078815168
4078,5,0.5705351951444266
5,4188,0.3485549652407254
4188,5,0.3485549652407254
225,6,0.532268065623971
248,6,0.6267241984489988
6,314,0.4681833817898627
6,1128,0.5136047390742777
6,1297,0.7035438340971452
6,1455,0.535232342647852
1455,6,0.535232342647852
6,1840,0.22659998016882738
6,1881,0.254605900334789
1881,6,0.254605900334789
7,80,0.4224149957381125
80,7,0.4224149957381125
7,145,0.5883316366403105
7,1468,0.4166541207044953
7,2091,0.575835350299792
2091,7,0.575835350299792
7,2534,0.3617308866862229
201,8,0.7639355189630571
8,331,0.20771108071585462
8,530,0.4328493527318331
530,8,0.4328493527318331
8,1107,0.9527826032147315
1107,8,0.9527826032147315
8,2076,0.6122669541008973
3283,8,0.4319193131066327
8,3721,0.43521702383541544
3721,8,0.43521702383541544
8,5342,0.3406670936094843
5342,8,0.3406670936094843
11,9,0.6512069945704819
9,158,0.20909893488023706
9,206,0.3926301051197873
9,306,0.47124493729027367
9,5820,0.41298732987710957
5832,9,1.0047611125393774
363,10,0.4695424573691801
10,463,0.3412147319229267
463,10,0.3412147319229267
799,10,0.480279769164437
10,967,0.19778732234705423
1009,10,0.8785472331010703
10,1832,0.33919784331635616
1832,10,0.33919784331635616
10,2083,0.1717617264075092
10,2343,0.5459268668924984
2594,10,0.7985231325436425
2980,10,0.547226593212557
10,4369,0.5397469004850742
11,9,0.41664743969130374
11,63,0.5433338796365439
63,11,0.5433338796365439
11,143,0.629147871456794
143,11,0.629147871456794
11,232,0.7258442049146283
232,11,0.7258442049146283
11,5795,0.3978790323932419
12,889,0.2880325363900861
889,12,0.2880325363900861
12,1534,0.7291371898560352
1534,12,0.7291371898560352
12,1579,0.4437994116213624
1579,12,0.4437994116213624
12,1598,0.4669541380504951
2017,12,0.4172002060129122
2734,12,0.7948159103552688
12,3310,0.40413998729043205
12,4042,0.378615178969906
4042,12,0.378615178969906
13,1735,0.5820823777801879
13,2210,0.6970467007539095
13,3385,0.7458371539028061
13,5521,0.5346540329332
5521,13,0.5346540329332
13,5642,0.6437917525905711
5910,13,0.33067580249261375
13,5920,0.4574312013226664
816,14,0.3587199502731879
14,832,0.34183319744149593
14,1142,0.5895494568789952
1626,14,0.5289511438551971
1711,14,0.32958229812200385
14,1828,0.3678274445623292
1828,14,0.3678274445623292
2157,14,0.8507297163162975
2395,14,0.6091878543504671
14,3302,0.26914371978802154
14,3939,0.3056446682872665
3939,14,0.3056446682872665
14,3947,0.4166325690324319
3947,14,0.4166325690324319
15,519,0.5824837169734447
947,15,0.5760105257635827
15,1111,0.5241520697762737
1582,15,0.2885225253135153
15,2001,0.3622778600339809
15,2884,0.6032559237795448
2884,15,0.6032559237795448
15,2953,1.0016741131355047
2953,15,1.0016741131355047
15,3027,0.3985002258023762
3027,15,0.3985002258023762
654,16,0.20162575753946008
1596,16,0.21455526857738866
16,2719,0.44921181512898933
2719,16,0.44921181512898933
16,3197,0.4350964908883452
16,4543,0.33115690778854173
16,4853,0.5286477748758128
16,5479,0.5900332409465029
16,6243,0.3992164264637228
6243,16,0.3992164264637228
17,90,1.1430922818282219
226,17,1.0578167346028082
17,2216,0.6594016651111787
17,2775,0.6143948575294256
2775,17,0.6143948575294256
17,3349,0.44106974727091525
3375,17,0.4145073558961699
17,3596,0.9546529939509294
3596,17,0.9546529939509294
3680,17,0.47889608630114033
17,4734,0.20622562831328148
4734,17,0.20622562831328148
18,236,0.4721799103034977
18,274,0.2990636170704872
274,18,0.2990636170704872
433,18,1.0252692295372194
18,445,0.3262802988121298
691,18,0.3183655128551527
930,18,0.4691917747144562
18,958,0.3053533837156611
958,18,0.3053533837156611
18,1012,0.3805649179028904
19,813,0.7942791399175664
813,19,0.7942791399175664
19,1019,0.19105959137012724
19,1398,0.5042772135156813
1398,19,0.5042772135156813
19,1774,0.2627637463355704
19,2164,0.642583243139481
2383,19,0.33979067524746176
2850,19,1.0457469215195947
19,2970,0.30493884703659696
20,627,0.3479460242564498
709,20,0.5147069392056801
20,1119,0.6705891363952184
1119,20,0.6705891363952184
1827,20,0.4055669498026781
1956,20,0.8930933093173516
2004,20,0.41690417598453855
2042,20,0.3464910617732786
20,2274,0.5502734345564085
2274,20,0.5502734345564085
20,2616,0.44646848590641736
20,3174,0.6351446076865188
3638,20,0.3268371735997407
20,3669,0.4021832111932665
3669,20,0.4021832111932665
21,794,0.23367020605146815
21,1200,1.0561948016152958
1200,21,1.0561948016152958
21,1877,0.5107153487617608
21,2370,0.5380492528490429
2370,21,0.5380492528490429
21,2858,0.3352398638091412
2858,21,0.3352398638091412
21,3931,0.29362483089829444
3931,21,0.29362483089829444
372,22,0.599715136205885
22,826,0.7964480211328512
826,22,0.7964480211328512
22,829,0.42071252582475144
22,1176,0.3926931079931201
1176,22,0.3926931079931201
2485,22,0.5717090317039255
22,3377,0.3371687068690727
4125,22,0.42262382289828576
5207,22,0.6923792084176964
23,150,0.39271172785211955
150,23,0.39271172785211955
175,23,0.3946105016915624
240,23,0.46850229737020754
23,957,0.8789355855928692
23,1001,1.0877898041067686
1612,23,0.3842261184013958
23,2008,0.7634017221825171
23,2855,0.2997423576891376
2855,23,0.2997423576891376
2874,23,0.7854949586251181
3093,23,0.4805288705791767
3098,23,0.552544156239368
23,3215,0.4174834969883337
24,1098,0.39866875101887994
24,1772,0.3485184365150899
24,1852,0.23335204797180506
24,2194,0.8641457417967345
2194,24,0.8641457417967345
24,2311,0.3112011338793607
24,2332,0.34604456907900355
25,1605,0.40911073694205974
1605,25,0.40911073694205974
1753,25,0.2873369085035141
25,2690,0.3453300757065759
2690,25,0.3453300757065759
25,3274,0.28171277457043153
3274,25,0.28171277457043153
25,4100,0.8912802409607717
5612,25,0.8622542381132967
6093,25,0.34357465202894505
26,395,0.2680567550046825
395,26,0.2680567550046825
26,977,0.49572113796275563
977,26,0.49572113796275563
1235,26,0.5995265859588463
26,1482,0.7512327706263816
1482,26,0.7512327706263816
26,2086,0.43538886660277437
2086,26,0.43538886660277437
3255,26,0.6219549934221673
26,6945,0.27264650276717245
534,27,0.47784683511314513
744,27,0.6150743280241235
27,1218,0.4293959708591056
1218,27,0.4293959708591056
2072,27,0.7177075771087839
27,2463,0.4152878873622707
27,3319,0.5512888091374759
27,6485,0.3135864986219651
6485,27,0.3135864986219651
27,6645,0.2617177893563839
7200,27,0.5426579138090785
2803,28,0.45749729165675734
28,3903,0.5869575722832409
3903,28,0.5869575722832409
5034,28,0.38479384181395804
28,5094,0.8783178152372436
5094,28,0.8783178152372436
29,217,1.133544042603882
29,439,0.6243077619839508
439,29,0.6243077619839508
29,2577,0.3042156957222572
2577,29,0.3042156957222572
29,2799,0.5019061738586381
29,3331,0.5641653835102984
3331,29,0.5641653835102984
29,3623,0.5339720641666795
3623,29,0.5339720641666795
30,66,0.830190409390298
66,30,0.830190409390298
30,512,0.7546482264411999
30,1241,0.5176451896199851
30,1820,0.2679275470374274
1820,30,0.2679275470374274
30,2758,0.823513624641131
30,3103,0.3912884630607161
3103,30,0.3912884630607161
31,954,0.47536955785168566
31,1315,1.1244025118366503
1315,31,1.1244025118366503
31,2468,0.5111701634638522
2564,31,0.3414400092312417
31,3367,0.31345846653354104
31,4446,0.30477449383120986
5090,31,0.6229855457537322
5686,31,0.5423086344909991
31,5693,0.35731400042135764
501,32,0.6554847174695274
759,32,0.7458576468120244
32,1149,1.2034447021863126
1149,32,1.2034447021863126
32,1180,0.21014928531400373
1180,32,0.21014928531400373
1692,32,0.3133891861628172
32,3805,0.31978894340396014
32,4036,0.9624348644310233
4036,32,0.9624348644310233
4111,32,0.6035321545963377
32,4527,0.8130870958851901
32,5171,0.6937909513481398
5171,32,0.6937909513481398
33,151,0.22225127022143795
219,33,0.8151473346539415
33,2777,0.36104848717755594
2777,33,0.36104848717755594
3024,33,0.4428960064371461
33,3116,0.25850153514639257
33,3361,0.34500778639630914
33,3483,0.43956792319704885
3483,33,0.43956792319704885
3927,33,0.5890456055950104
4196,33,0.44328383203088106
33,4555,0.5175003162245474
4555,33,0.5175003162245474
34,108,0.330473314807056
108,34,0.330473314807056
34,650,0.4394618010410792
650,34,0.4394618010410792
34,1240,0.5040527947912075
1290,34,0.5423640901866894
34,2244,1.3110464199845457
34,2377,0.5210935836003556
34,3012,0.2973565385363578
3012,34,0.2973565385363578
1426,35,0.39222927522912915
1778,35,0.6067890021711214
35,3878,0.8161380699365169
3878,35,0.8161380699365169
35,4004,0.5028281974030124
35,4600,0.4481054982721821
4624,35,0.2548374721928672
35,5082,1.0168110655911378
5082,35,1.0168110655911378
5166,35,0.30012080001890296
35,5484,0.5799490892316059
5484,35,0.5799490892316059
35,5511,1.0429640518652725
5511,35,1.0429640518652725
36,648,0.5945697516973124
648,36,0.5945697516973124
36,1152,1.139108690080724
36,1997,0.5184689006539873
36,2683,0.46992690749979005
36,2768,0.656093579308615
2768,36,0.656093579308615
5063,36,0.7480589065237115
5461,36,0.6724309264750128
36,5647,0.7022974749254088
37,121,0.355225160475414
121,37,0.355225160475414
37,240,0.6909298953790839
276,37,0.608575413378928
37,812,0.4499448880073571
812,37,0.4499448880073571
37,1087,0.5548641488049901
1430,37,0.5006737976588866
37,1703,0.5257464447992136
1717,37,0.49672741922245695
37,1991,0.5696285309135569
1299,38,0.34682442025588495
38,2047,0.1947641180175974
4060,38,0.2956275649285509
4134,38,0.40487438960350214
38,4253,0.37594609962675685
38,5566,0.2861312060491179
5566,38,0.2861312060491179
38,5747,0.7557790568050713
5887,38,0.5573181894879436
39,740,0.4554274011619357
39,2035,0.779959110810577
2035,39,0.779959110810577
39,6125,0.2132309281022725
39,6319,0.25246196210393157
40,297,0.2775005661176779
297,40,0.2775005661176779
40,761,0.45761197125332775
2102,40,0.5863771113474919
40,3922,0.29031469437429175
3922,40,0.29031469437429175
40,5499,0.34149664436868166
5499,40,0.34149664436868166
40,5876,0.9651258660029204
5876,40,0.9651258660029204
41,111,0.3300101008019195
111,41,0.3300101008019195
41,741,0.3754586238172444
757,41,0.6413760093996287
41,898,0.40462322886765406
898,41,0.40462322886765406
41,1248,0.20127982141722864
1248,41,0.20127982141722864
41,2919,0.9005443637798247
41,3380,0.587663019456082
3380,41,0.587663019456082
42,642,0.4207574557061454
642,42,0.4207574557061454
790,42,0.3305804783255981
42,1047,0.4194361047722424
42,1078,0.7232531212765934
42,1694,0.6640304758980219
42,1896,0.4020947165456413
1896,42,0.4020947165456413
42,2535,0.35166185001258216
2535,42,0.35166185001258216
43,493,0.37064706389602353
773,43,0.7388911967772026
43,1484,0.4777594140017569
2335,43,0.4737949795489071
43,3411,0.65692010064414
3411,43,0.65692010064414
43,3739,0.3546875564022609
3739,43,0.3546875564022609
43,3771,0.40182246027090773
3771,43,0.40182246027090773
43,5240,0.24129123653437756
5240,43,0.24129123653437756
44,126,0.5317784349256561
126,44,0.5317784349256561
263,44,0.4409421970397055
641,44,0.7047349669772814
44,1839,0.5274128360680687
3398,44,0.6329202064094962
44,3465,0.5148173521008486
3465,44,0.5148173521008486
44,4042,0.7938706841810534
4042,44,0.7938706841810534
44,4047,0.39367119464583117
4047,44,0.39367119464583117
4124,44,0.4715393123002344
44,5382,0.4521743671866733
843,45,0.7646534054580633
45,925,0.4743884078836157
45,2327,0.6258554786215952
45,2714,0.4636009260903646
2714,45,0.4636009260903646
45,3194,0.7042155763454369
45,3464,0.28537791496866
3541,45,0.38329814130473666
45,4299,0.5355954579416328
46,656,1.378570338130744
656,46,1.378570338130744
46,838,0.3280682081020463
46,1648,0.4085229218439469
46,1712,0.5999875762900427
1712,46,0.5999875762900427
2040,46,0.39577557940966734
2670,46,0.7317725698971409
3476,46,0.8056483429657033
46,3940,0.4948501116581938
4383,46,0.2254443483114697
46,4690,0.7866852350649571
4690,46,0.7866852350649571
47,394,0.3997923684962224
394,47,0.3997923684962224
47,574,0.2931435090491222
47,974,0.20785779831837706
1243,47,0.18441887233017767
47,3222,1.1212552941733132
47,3803,0.4718087275965873
47,3865,0.9940420963010982
3865,47,0.9940420963010982
48,1074,0.6971959967839574
1074,48,0.6971959967839574
48,1762,0.17728503217875805
1762,48,0.17728503217875805
2148,48,0.951648267263156
2545,48,0.2892418236084433
48,3886,0.21158344960093037
4078,48,0.5191334397130087
48,4219,0.7093709472260074
4551,48,0.5401587855886842
4608,48,0.2924827799889001
48,4809,0.4227470384146252
48,5213,0.3288065120375318
49,1243,0.46020967919030237
2085,49,1.4863986935898508
2940,49,0.5376713341425917
2955,49,0.42559270723489945
3960,49,0.6446726044556628
49,4534,0.45052929453148527
49,5760,0.5363652525580858
49,6222,1.0173306758074803
50,55,0.9542035168055636
50,738,0.2705762135413233
738,50,0.2705762135413233
1181,50,0.2736123256822202
50,1271,0.46575948694123964
1271,50,0.46575948694123964
1633,50,0.5675425708611563
50,1637,0.2561347463726883
50,1942,0.584440549779514
1942,50,0.584440549779514
50,2059,0.38149141463333786
71,51,0.615131408436683
51,123,0.4118020957751078
123,51,0.4118020957751078
51,833,0.3607916695410145
992,51,0.4324624233542924
1538,51,0.9231141273595412
51,1590,0.4830784738704512
51,1715,0.7741145186290616
51,2650,0.4906374618828367
2650,51,0.4906374618828367
2787,51,1.9286342735897706
51,2870,0.16289665019547514
2870,51,0.16289665019547514
52,1872,0.619166349983522
1872,52,0.619166349983522
52,2183,0.4033140491585478
52,2576,0.9807767012261914
2576,52,0.9807767012261914
52,3012,0.6304014473963454
52,3992,0.3752378666949635
52,4552,0.2999662504184775
4552,52,0.2999662504184775
265,53,0.27696314903877356
53,291,1.8225434302320958
537,53,0.5040957392253163
53,717,0.4014496167641804
717,53,0.4014496167641804
1841,53,0.2902619327191351
2778,53,0.5930026965534456
53,2821,0.6904844920706126
4327,53,0.7613609402414082
6206,53,0.5353909018953942
6258,53,0.25907135474066084
6600,53,0.298078556979501
53,7019,0.3367526358894456
7019,53,0.3367526358894456
911,54,0.36498237807480544
54,1993,0.34139454464662344
1993,54,0.34139454464662344
54,2361,0.5086746004160051
54,3024,0.3971850266368507
3024,54,0.3971850266368507
54,3361,0.33164121573312444
3361,54,0.33164121573312444
54,3483,0.7930773532887381
54,3611,0.7052160685751402
55,737,0.353543561343736
737,55,0.353543561343736
55,1271,0.43956638207363774
1271,55,0.43956638207363774
1633,55,0.6005083826134727
55,1942,0.3691855660949237
1942,55,0.3691855660949237
3101,55,0.8395201521475305
55,4499,0.4235677737123917
4499,55,0.4235677737123917
55,4759,0.5432441333000616
5258,55,0.47259557945097225
55,6049,0.4007965306388563
6049,55,0.4007965306388563
56,117,0.778123246909434
117,56,0.778123246909434
56,976,0.3582915972946049
56,1289,0.2757043124880493
1289,56,0.2757043124880493
1365,56,1.0641787017767141
56,1380,0.47657243984549486
1380,56,0.47657243984549486
56,1643,0.5202984037693643
1643,56,0.5202984037693643
56,1938,0.7476572259179941
244,57,0.39539949657438644
57,1528,0.6907653365020259
57,2011,0.5719486754799404
2011,57,0.5719486754799404
57,2585,0.2790647213669455
57,2933,0.4694731208958479
2933,57,0.4694731208958479
57,3160,0.49103925031650236
3282,57,0.4308534762638543
57,4444,0.33342586442359445
4444,57,0.33342586442359445
147,58,0.41158265048277104
772,58,1.884829306510743
58,924,0.34880643702802994
58,1513,0.40660384509094344
58,1647,0.5249421990840503
58,2416,0.5449651590581758
2575,58,0.26737150451463754
2721,58,0.30919727249895923
58,3230,1.1820276398222833
3358,58,0.44286361986918504
58,3382,0.3397788462834194
59,1112,0.35482640575942803
1112,59,0.35482640575942803
59,1193,0.3631380575741791
2299,59,0.3332734324498398
59,2410,0.31639403246944087
59,2882,0.3733178120467749
59,5854,0.7614985479813114
59,6933,0.9248166857759474
1240,60,0.4942301243095569
60,1290,0.2939748580732864
60,1367,0.35656520201316133
1367,60,0.35656520201316133
60,1591,0.6509757773206157
1591,60,0.6509757773206157
2244,60,0.43581847512914607
60,2377,0.46663236562750293
2377,60,0.46663236562750293
3525,60,0.7947013032910041
60,3882,0.3574893326709577
4881,60,1.8511905572198464
60,5422,0.37578984628818274
5422,60,0.37578984628818274
61,615,0.2261489741023554
927,61,0.5109900540491762
61,1122,0.8158746526560466
61,2114,0.18855641808848767
2257,61,0.49294028515037247
61,2836,0.24200642511413636
61,3003,0.6572389475931408
61,3108,0.3036882952797235
3108,61,0.3036882952797235
186,62,0.33986711761025173
1253,62,0.8525706892184709
62,1472,0.3957834147481327
1472,62,0.3957834147481327
62,1903,0.791170638398621
62,3099,0.5914006853713667
62,3135,0.41353721506227337
3135,62,0.41353721506227337
3170,62,0.22204968017434343
62,3873,0.38848280184553075
4031,62,0.5946149737872537
62,4858,0.7042530671373571
4858,62,0.7042530671373571
143,63,0.8419217744886204
63,202,0.3273371404559458
202,63,0.3273371404559458
63,215,0.4518246776643943
63,232,0.305009906874815
63,408,0.37951232730288026
63,409,0.33021204595155923
64,323,0.5946069906488451
64,586,0.27580053041157315
586,64,0.27580053041157315
64,983,1.0338265140597247
983,64,1.0338265140597247
1740,64,0.4284869990209663
64,1750,0.28439458662486317
64,2103,0.4010355359616622
2103,64,0.4010355359616622
64,2238,0.5729647310615111
148,65,0.33936857701222495
65,246,0.4398517787843323
246,65,0.4398517787843323
65,470,0.32807143941115996
470,65,0.32807143941115996
65,1397,0.44078425439657937
1397,65,0.44078425439657937
65,1593,1.34119238922261
65,2729,0.39249704453768247
2729,65,0.39249704453768247
65,3450,0.5637092678394634
3450,65,0.5637092678394634
512,66,0.4556691289428179
1241,66,0.2883473858967095
66,2758,0.29569035320231857
3103,66,0.30250272503747505
66,3336,0.6602905279914876
66,3576,0.37208484885482174
66,3729,0.3347731617844193
5141,66,0.3340013122336435
6035,66,0.8197154132283937
66,6549,0.32719134697576213
67,692,0.7102915140794873
692,67,0.7102915140794873
747,67,0.7249937799630906
837,67,0.1822126566654064
67,945,0.20068753086020288
945,67,0.20068753086020288
1480,67,0.32016543500681005
1503,67,0.36243540464405744
1521,67,0.8451953385491786
67,1693,0.4121371234671367
67,1732,0.5493873175192024
67,2623,0.23745786295667723
2623,67,0.23745786295667723
67,3243,0.35231134741312725
3243,67,0.35231134741312725
68,95,0.5358116489339517
471,68,0.35211871775205783
2379,68,0.33318954196316225
3218,68,0.44494845500014485
68,3775,1.0684813897665235
4341,68,1.0416712536244632
68,4517,0.4508876980869103
4642,68,0.2920694300459996
68,5238,0.3072060422262418
5238,68,0.3072060422262418
6736,68,0.5343429858526116
69,554,0.4653431332642775
69,1030,0.3431741499779133
1150,69,0.3319583146238258
69,1670,0.3479915378362005
1670,69,0.3479915378362005
1719,69,0.9452045580434014
69,1957,0.48192855857444533
3094,69,0.29257371295792306
69,3735,0.45481951268987936
3735,69,0.45481951268987936
69,4516,0.4386132268801602
70,1260,0.4301477759635863
70,2221,0.7851575102570921
2221,70,0.7851575102570921
2717,70,0.9225025038771799
70,3081,0.5071016109498956
70,3184,0.2115980149467466
3184,70,0.2115980149467466
5025,70,0.6763257902957581
70,5323,0.30511269131442786
5323,70,0.30511269131442786
70,5939,0.5267562202655008
71,123,0.6287356252206038
123,71,0.6287356252206038
217,71,0.4821230343154371
792,71,0.22951342721181892
71,833,0.2795452382863861
71,992,0.389986974162041
992,71,0.389986974162041
1538,71,0.6064253787840415
1590,71,1.46282385307966
71,1715,1.7584767749030545
71,2249,0.48520487199389506
72,363,0.7136896369840826
72,762,0.9473771281184118
762,72,0.9473771281184118
72,799,0.7744446596644109
799,72,0.7744446596644109
72,1009,0.48017381049317365
2083,72,0.977393089009058
72,4378,0.23638314019620263
4378,72,0.23638314019620263
72,4395,0.740880724688437
820,73,1.221358358355244
1254,73,0.4276835901070067
73,1941,0.5820035176779319
1941,73,0.5820035176779319
73,3109,0.6258838348985414
3109,73,0.6258838348985414
73,3617,0.5293808984715022
73,4363,0.5464438439231585
4363,73,0.5464438439231585
73,4402,0.7155167975223816
73,4859,0.5468253870486953
74,663,0.5132338476550373
74,813,0.34579904914650333
946,74,1.0908229914674357
1439,74,0.6987124239663269
74,1774,0.7281682648736857
74,2120,0.23996597212094395
74,2383,0.5903467759546909
2649,74,0.7798813386561843
2880,74,0.30104414751173786
2909,74,1.1232659392267559
3262,74,0.7740978932314081
74,3579,0.44779675177210043
3579,74,0.44779675177210043
655,75,0.8448926905303387
1059,75,0.3893707862404821
75,1500,0.16001774775904265
1500,75,0.16001774775904265
3138,75,0.42608760198763473
3288,75,0.49446697724437894
75,4342,1.1631525574378783
4342,75,1.1631525574378783
4467,75,0.47523937335774835
75,4640,0.35936254475972385
4640,75,0.35936254475972385
75,4826,0.7097028480610532
4826,75,0.7097028480610532
75,4920,0.25727731069472987
75,5283,0.6708886590414431
5283,75,0.6708886590414431
76,315,0.5571203051537731
315,76,0.5571203051537731
362,76,0.3604461572728572
76,428,0.3308898934370111
633,76,0.5460125048852228
76,1165,0.46086259049406036
1165,76,0.46086259049406036
76,1259,1.020272072454042
1259,76,1.020272072454042
76,1668,0.8171095964038978
76,2111,0.795705688245756
2111,76,0.795705688245756
77,420,0.5942590366516683
420,77,0.5942590366516683
77,707,0.3718571602114387
77,1442,0.23819892656508235
1442,77,0.23819892656508235
77,2000,0.5951191036366614
2000,77,0.5951191036366614
77,2249,0.3757437004759929
2249,77,0.3757437004759929
2350,77,0.6190660719777356
3047,77,0.4498908284545511
3177,77,0.7476240850063185
77,4117,0.24806470210269832
415,78,0.3939730584577283
78,664,0.33369610100957864
664,78,0.33369610100957864
78,1213,0.5348055921006933
1312,78,0.5230149556184017
1318,78,0.47476999310851775
78,2634,0.30251549664196004
2634,78,0.30251549664196004
2699,78,0.4401354298914638
78,3436,0.5454890289298454
3436,78,0.5454890289298454
78,3656,0.229700503923343
3656,78,0.229700503923343
78,4226,0.28633429957479634
595,79,0.6738354683866117
79,796,0.4766062948092059
79,880,0.270842874691388
1294,79,0.7113226767347371
79,1387,0.5718301008127652
79,1607,0.24987442136845775
79,1983,0.23593626192472028
2253,79,0.5577389345079973
79,2773,0.5424839570935456
2773,79,0.5424839570935456
145,80,0.3252664622009892
80,259,0.6638317348573174
259,80,0.6638317348573174
80,484,0.5403409516863455
80,1114,0.37066376995860284
80,1797,0.5018076292281638
80,2534,0.7440072202172295
529,81,0.3011494350537754
81,559,0.40189578917048724
812,81,0.595804411161223
957,81,0.22327915535544146
81,1079,0.7852123340423566
1079,81,0.7852123340423566
81,1362,0.49367576398864094
1362,81,0.49367576398864094
81,1550,0.6381361827798716
81,1816,0.5916266787667732
81,1869,0.2852181756268943
82,320,0.32900950314250843
82,571,0.5940766449231502
571,82,0.5940766449231502
752,82,0.4414689843934628
2284,82,0.34831185353001937
2307,82,0.43143680191428
82,2581,0.24988848956841914
2581,82,0.24988848956841914
82,2624,0.3798660794431477
82,2762,0.3806292340003314
82,2863,0.9184477135185631
2863,82,0.9184477135185631
83,465,0.5858549901048057
465,83,0.5858549901048057
83,531,0.3195381318253895
83,917,0.29112874139877193
917,83,0.29112874139877193
1280,83,0.34452050143176327
83,1555,1.068029744317176
1555,83,1.068029744317176
83,1714,0.4971870521510803
1714,83,0.4971870521510803
2601,83,0.33751222654330043
2626,83,0.6166250980125731
83,3049,0.6303956161028138
3839,84,1.1268394944119904
3901,84,0.44244478841684004
84,4912,1.0540207910468435
4912,84,1.0540207910468435
84,6032,0.45947079869584595
84,6308,0.35243486411983416
6308,84,0.35243486411983416
84,6419,0.5097817481171424
6419,84,0.5097817481171424
84,6511,0.49368385221981165
85,1347,0.4505559977493272
1347,85,0.4505559977493272
85,2037,0.643193097543987
2037,85,0.643193097543987
85,4556,0.7770175976403988
4556,85,0.7770175976403988
85,5321,0.303186805744312
85,5600,0.671681315043641
5600,85,0.671681315043641
85,5895,0.3841064027398165
5895,85,0.3841064027398165
86,1048,0.2724305059877784
1048,86,0.2724305059877784
86,1757,0.9438169231126737
86,2480,0.7031198582844933
86,2727,0.681420268372136
2727,86,0.681420268372136
86,2865,0.4961276594569252
2865,86,0.4961276594569252
86,4164,0.3742192259704128
87,586,0.5095284687876523
87,1132,0.7661539509413916
2103,87,0.4985952637961129
2162,87,0.42783294927965526
2238,87,0.4328797681150762
3401,87,0.5867870317268298
4553,87,0.22573162008619338
4750,87,0.4444398602924586
5031,87,0.6563614723277351
5842,87,0.29543310272440837
6643,87,0.471817468868803
88,295,0.5106460537276808
295,88,0.5106460537276808
88,435,0.39494331710820524
88,518,0.42597583257800536
518,88,0.42597583257800536
88,939,0.8443830024645277
939,88,0.8443830024645277
951,88,0.556413710146832
980,88,0.7867078472419449
88,1383,0.4802921675275157
1383,88,0.4802921675275157
88,1583,0.38707218673371296
1583,88,0.38707218673371296
89,379,0.5918768519400768
379,89,0.5918768519400768
1245,89,0.38736179323842074
89,1544,0.4329292292040247
1544,89,0.4329292292040247
2109,89,1.3887996354014973
5173,89,0.4621497121030667
89,5465,0.9579217824834497
5465,89,0.9579217824834497
89,6753,0.5423269085007453
226,90,0.6160636225628751
2216,90,0.32136672855355397
2775,90,0.1839129131973864
90,3349,0.39811406221956014
90,3596,0.6218933836186759
3596,90,0.6218933836186759
3680,90,0.3007048715436846
5528,90,0.8023691360375022
90,6066,0.3451217287091749
91,119,1.2593729426025824
119,91,1.2593729426025824
91,1066,0.34352845388774483
1066,91,0.34352845388774483
91,1194,0.7348369385454002
1194,91,0.7348369385454002
91,1432,0.24829094104809257
1432,91,0.24829094104809257
91,1864,0.2479657315827954
2901,91,0.9286699008015553
4781,91,0.44306497892768604
91,4799,1.0112929376388453
92,187,0.9653721735629917
187,92,0.9653721735629917
188,92,0.47169917215922136
92,249,0.3355828672150083
249,92,0.3355828672150083
92,271,0.575024054501678
92,370,0.5252874858460425
92,381,0.43082590174196905
381,92,0.43082590174196905
481,92,1.0993029511981771
92,482,0.5016377121729595
93,1547,0.6891401421916475
1547,93,0.6891401421916475
93,1886,0.550152985726779
1886,93,0.550152985726779
2045,93,0.4749516669349014
93,2596,0.5922979165709451
2596,93,0.5922979165709451
93,3537,0.3725900532920464
3537,93,0.3725900532920464
4891,93,0.5413317230521433
93,4941,0.5522622199637076
93,4982,1.0514202101479
4982,93,1.0514202101479
94,864,0.299059247439428
94,1148,0.249932118156409
94,2508,0.25653792858205066
2508,94,0.25653792858205066
3811,94,0.702891641530772
94,4137,0.3942236432767603
94,4603,0.6093932374083405
4603,94,0.6093932374083405
94,5523,0.49631771232667404
5523,94,0.49631771232667404
95,68,0.30739108225806494
689,95,0.4066993898790827
95,1211,0.4750540628792301
95,3218,0.5189983388702618
3218,95,0.5189983388702618
95,4517,0.3658923125884162
4517,95,0.3658923125884162
95,5951,0.41330842334091494
5951,95,0.41330842334091494
6736,95,0.3480850046916042
95,7015,0.7448231706290802
96,233,0.9134587011986404
241,96,0.7768418078644529
903,96,0.5379011696305708
995,96,0.32849075380595544
96,1860,0.5944578156107435
1860,96,0.5944578156107435
2041,96,0.8782512606040506
96,2097,0.3451465948761736
2134,96,0.2617150181387736
96,2234,0.2719351799904947
96,2492,0.3632819240059357
2937,96,0.3425606032681752
4308,96,0.43007116842352433
96,5259,1.3788098969363918
5259,96,1.3788098969363918
97,2145,0.5822360734352984
4069,97,0.22868548862806887
97,4259,0.3931133666912874
4259,97,0.3931133666912874
4831,97,0.21358752832173197
97,5473,0.4142908194523443
97,5536,0.49147647721619386
5536,97,0.49147647721619386
6877,97,1.108255691721246
98,213,1.0700142496468872
98,355,0.25217997934756103
355,98,0.25217997934756103
712,98,0.32312232048857165
98,743,0.7656502904362167
2165,98,0.39937793735566646
98,2943,0.4420010665323589
6234,98,0.3584094939720616
99,245,1.2640796573809823
245,99,1.2640796573809823
99,1148,0.3445451608984039
1148,99,0.3445451608984039
2133,99,0.3211997392186699
99,2479,0.6439849367209616
2773,99,0.40328008637740154
2932,99,0.6319690255095527
99,3225,0.5900721736548743
3225,99,0.5900721736548743
99,3811,0.27432523191415803
6203,99,0.35700210463096216
99,6956,0.29697365974809253
6956,99,0.29697365974809253
100,175,0.4006928192536561
175,100,0.4006928192536561
696,100,0.31449699302988965
100,1242,0.23407811902309522
1242,100,0.23407811902309522
100,1277,0.39613025286297643
100,1746,0.4320612387616245
1746,100,0.4320612387616245
100,2201,0.30338533685816194
2201,100,0.30338533685816194
100,2262,0.3279574599592555
101,132,0.46860185869446724
101,172,0.36666102038219334
172,101,0.36666102038219334
101,821,0.25964761266667385
821,101,0.25964761266667385
101,1057,0.9725217029320284
1057,101,0.9725217029320284
1697,101,0.641030568589353
101,2116,0.8860275624802215
101,2895,0.3261496972109028
2895,101,0.3261496972109028
102,359,0.5276696986261323
359,102,0.5276696986261323
647,102,0.6237865430392269
724,102,0.2952708940681226
102,948,0.6724463431780509
102,1242,0.6039697066546321
1242,102,0.6039697066546321
1293,102,0.17677618205891096
102,1535,0.24716407780124433
1535,102,0.24716407780124433
102,1899,0.5602878021550964
102,2201,0.3825737010698412
103,436,0.2659608836785446
971,103,0.5775090477610315
103,1448,0.3196965866409031
1448,103,0.3196965866409031
103,1741,0.6715064366238246
103,2016,0.6294424977074257
2016,103,0.6294424977074257
2834,103,0.5195948864393368
103,4268,0.7989284584405754
103,4973,0.25178642893126596
104,268,0.3600354231108132
104,1557,0.4208597488248648
2859,104,0.45021611018645363
3558,104,0.23544281772150386
104,4018,0.5947835666689528
104,4679,0.6823184525706693
4679,104,0.6823184525706693
5039,104,1.1896494173900987
104,5198,0.37259601093406497
5198,104,0.37259601093406497
104,5296,0.3140158665142206
105,2446,0.3341103936003043
5580,105,0.5599480024475181
6926,105,0.45466707269231826
105,6938,2.3327131582627425
6938,105,2.3327131582627425
105,6988,0.256687030542883
6988,105,0.256687030542883
105,7007,0.2767962906704348
7121,105,0.2611653008678591
106,573,0.5070137191891928
106,655,0.2694177990733943
655,106,0.2694177990733943
106,3138,0.7587387419507927
4754,106,0.38390694260727326
106,4826,0.643560328115546
4826,106,0.643560328115546
5661,106,0.3358990862668285
6212,106,0.7302734226700903
106,6270,0.9835642825767018
6270,106,0.9835642825767018
107,513,14.44356861138436
513,107,14.44356861138436
903,107,0.3514421892452161
107,1314,1.6185175708866584
1314,107,1.6185175708866584
107,1498,0.31462377541688835
1498,107,0.31462377541688835
2635,107,0.4100880847501752
107,3640,0.42577074522956015
3640,107,0.42577074522956015
107,3765,0.8630577648856748
3765,107,0.8630577648856748
107,3861,0.6646653636877458
485,108,0.48328787786462596
108,650,1.2751018063238437
1758,108,0.7177976742171119
108,2129,0.6357752245822017
2244,108,0.35845291325698514
2415,108,0.26434108350598146
108,2996,0.7521593588569314
2996,108,0.7521593588569314
3012,108,0.852878105178933
108,3433,0.20905625303130887
3433,108,0.20905625303130887
108,3728,0.3177450277993339
359,109,1.390340947324587
109,948,0.4230132098547724
109,1242,0.5970821199326555
1277,109,0.5725207737543193
109,1535,0.6624608687072762
1535,109,0.6624608687072762
1899,109,0.8847326200366664
109,2201,0.7151898785705615
2201,109,0.7151898785705615
109,2435,0.7235071385107698
109,2720,1.0864839856266035
2720,109,1.0864839856266035
441,110,0.6730402134455427
110,847,0.5522509015673585
110,1016,0.8982900199940484
1110,110,0.4192240368492201
110,2184,0.5994203270212648
2184,110,0.5994203270212648
110,2375,1.4745528999813908
2375,110,1.4745528999813908
110,2454,0.33700447956283064
2454,110,0.33700447956283064
2550,110,0.44026326727694404
3422,110,0.32222682479212855
110,4224,0.5788733061629653
898,111,0.6083468785318107
111,1893,0.5773738158895323
1893,111,0.5773738158895323
111,2156,0.5338777572773984
2648,111,0.35411212174388895
111,2919,0.7449952668185926
111,3758,0.4910009282061902
111,4804,0.22835410581187499
112,391,0.4718151018538883
565,112,0.6116362487475162
112,774,0.41818846898494255
112,859,0.3245434924158379
112,1172,0.34939394552068453
1172,112,0.34939394552068453
112,1183,0.47332653375414674
1183,112,0.47332653375414674
112,2066,0.39202610718047787
2066,112,0.39202610718047787
113,2148,0.30193463216514216
2148,113,0.30193463216514216
113,2226,0.5917676895386813
2226,113,0.5917676895386813
113,2527,0.5818479658750175
113,3538,1.096009643500192
3538,113,1.096009643500192
113,3659,0.35944191681236237
3659,113,0.35944191681236237
4058,113,0.46111164876843996
113,6579,0.2881386619319703
6579,113,0.2881386619319703
308,114,0.4418376399460607
591,114,0.5587734414433344
722,114,1.2889102182904448
1203,114,0.46316702101883145
114,1458,0.4022717381554635
1458,114,0.4022717381554635
1459,114,0.413378241009256
1879,114,0.3563225701972713
114,2843,0.22577195681360987
114,3021,0.48336054753265695
3021,114,0.48336054753265695
114,3171,0.47776630584311053
114,4315,1.00116097331491
4315,114,1.00116097331491
4382,114,0.4436357255119266
114,5038,0.2933705455072597
5038,114,0.2933705455072597
115,489,0.4350140827129434
2918,115,0.5006313165060333
115,3032,0.32157795537647005
3480,115,0.34591409613662116
115,3568,0.2386677496370758
3643,115,0.43189356484563457
115,5611,0.6266017338170129
204,116,0.6914342429454741
116,467,1.0021026167203422
511,116,0.4714518494500548
116,2271,1.0168694922677846
2271,116,1.0168694922677846
116,3145,0.3016078481659749
3145,116,0.3016078481659749
116,3944,0.5157080034364827
4248,116,0.24534710284599415
116,4674,0.39652743970951926
5649,116,0.31287975681822094
5731,116,0.2838099781749191
117,1289,0.6409347453354494
117,1365,0.29624628639546535
1365,117,0.29624628639546535
117,1938,0.9263880692520811
117,2522,0.6417311731057396
2522,117,0.6417311731057396
117,2591,0.28072032561640653
2591,117,0.28072032561640653
118,878,0.38015995810377207
878,118,0.38015995810377207
118,1106,0.587335642691631
1106,118,0.587335642691631
118,1950,0.4321221763254982
118,2025,0.33507562100618377
118,2245,0.9202874027234949
2848,118,0.3599973210570899
118,3301,0.2511550502137155
3301,118,0.2511550502137155
119,1066,0.443095555383103
1066,119,0.443095555383103
1298,119,0.407052629020075
119,2901,0.42155749656835284
2901,119,0.42155749656835284
4781,119,0.6605735737515371
119,4799,0.7035592227735241
5187,119,1.3466896623240556
239,120,0.5757750343439499
1247,120,0.28433741766960235
120,2013,0.6152941059892048
2013,120,0.6152941059892048
3481,120,0.45015159902976876
4320,120,0.4068448761264258
4895,120,0.2888661093248335
120,5011,0.7143895010263392
121,411,0.33977462683449705
411,121,0.33977462683449705
121,812,0.39697760902212975
812,121,0.39697760902212975
121,1087,1.5123692641484257
1087,121,1.5123692641484257
121,1430,0.6760816369432682
1430,121,0.6760816369432682
1717,121,0.40454162408570177
121,1991,0.6136155711454189
122,266,0.7068118098435281
266,122,0.7068118098435281
122,1010,0.7495067105702845
1010,122,0.7495067105702845
122,1052,0.5398246831463214
1052,122,0.5398246831463214
1351,122,0.2560821252498836
1369,122,0.5957198749553049
122,4685,0.42668262550314606
4685,122,0.42668262550314606
4824,122,0.9952013849449113
122,4844,0.6541815920154911
4844,122,0.6541815920154911
122,5113,0.5104932351434401
123,792,0.5224636179566174
792,123,0.5224636179566174
833,123,1.018277257789969
123,992,0.27738990783630096
123,1442,0.26062563439569586
123,1590,0.620935219497067
124,1489,0.5557057097038182
124,1624,0.3317631507445717
1624,124,0.3317631507445717
124,2926,1.0170812871320198
2926,124,1.0170812871320198
124,3344,0.5145399452151855
124,4734,0.3716905372588367
124,5020,0.6003903874862034
5020,124,0.6003903874862034
125,1868,0.48321487986868766
2146,125,0.3221111820208397
125,2540,1.098273905058329
2540,125,1.098273905058329
125,3636,0.4407026339873888
125,3676,0.5849445148359556
3676,125,0.5849445148359556
125,4127,0.32816433785334304
4127,125,0.32816433785334304
125,4298,0.3784379177490901
199,126,0.5201901917910129
263,126,0.3354610405597615
353,126,0.3867830221023403
126,1175,0.29455984631718074
1175,126,0.29455984631718074
1445,126,0.4501210967267959
126,1517,0.9954184540287185
126,1839,0.7843335508271447
126,2092,0.3354368099247066
2092,126,0.3354368099247066
126,2428,0.41570956596235265
127,894,0.658094536970927
894,127,0.658094536970927
127,1924,0.25979846077038377
1924,127,0.25979846077038377
127,2075,0.32462322886842376
2566,127,0.9031687852177136
127,2695,0.7875085399297419
127,3172,1.062299970928701
127,3551,0.9153531642861436
128,207,0.36551459829287464
207,128,0.36551459829287464
128,1494,0.7873430308670498
1494,128,0.7873430308670498
128,1616,0.2915974745574061
1616,128,0.2915974745574061
128,1725,0.21286549390931941
128,2744,0.4926171164992436
2744,128,0.4926171164992436
128,4244,0.4499609219736473
129,2349,0.2533590878315642
2349,129,0.2533590878315642
3517,129,0.4101570031968443
4776,129,0.3731442503553948
5167,129,0.7153102726303429
5338,129,0.6113778171263985
129,5450,0.4451385558126809
5450,129,0.4451385558126809
129,5878,0.7402799233444091
129,6094,0.24227716306287553
6094,129,0.24227716306287553
130,556,0.4775963852886413
130,1222,0.6941821898928712
1222,130,0.6941821898928712
1368,130,0.5982808352372024
130,1900,0.43985622083830006
1900,130,0.43985622083830006
2088,130,0.4628737160694762
3245,130,0.5367757803614375
130,3367,0.2844462542512341
3367,130,0.2844462542512341
3810,130,0.7141149649352256
130,4353,0.7412133994707255
4353,130,0.7412133994707255
130,4493,0.31298299920857797
4493,130,0.31298299920857797
993,131,0.4985337569633318
131,1386,0.37141339007697444
1386,131,0.37141339007697444
131,1420,1.1128443052286794
131,1907,0.3454883723606152
1907,131,0.3454883723606152
131,3070,1.3040658930299975
3070,131,1.3040658930299975
3183,131,0.8633003925917486
3459,131,0.2764413848581293
131,4798,0.7388867974068508
131,4838,0.41107017418780983
132,286,0.3275709220359873
286,132,0.3275709220359873
411,132,0.42958072958543986
579,132,0.3132657964377389
132,821,0.6045661353813339
821,132,0.6045661353813339
132,1057,0.34915390685233827
1299,132,0.637554690700148
132,2116,1.1542464911971335
132,2172,0.31939240230474
132,2653,0.5322297999563719
133,526,0.8416497326884842
133,621,0.5422945845874505
621,133,0.5422945845874505
678,133,0.21751220083079792
133,787,0.3134444546545344
787,133,0.3134444546545344
133,805,0.46750841161318446
1688,133,0.4529386522816046
133,2765,0.39141441657814435
3603,133,0.3042097241833377
133,3625,0.4170423538511506
3625,133,0.4170423538511506
134,241,0.3200058871926466
241,134,0.3200058871926466
134,267,0.24538464471335125
1568,134,0.34581943447798713
134,1860,0.5164365808172864
1860,134,0.5164365808172864
2134,134,0.8677945169582364
134,2492,0.5559758113415486
2492,134,0.5559758113415486
134,2746,0.6140454365421584
134,3953,0.3861102679628421
3953,134,0.3861102679628421
